-6.000000  0.008603
-5.960000  0.008716
-5.920000  0.008831
-5.880000  0.008948
-5.840000  0.009067
-5.800000  0.009189
-5.760000  0.009313
-5.720000  0.009440
-5.680000  0.009570
-5.640000  0.009702
-5.600000  0.009837
-5.560000  0.009974
-5.520000  0.010115
-5.480000  0.010258
-5.440000  0.010404
-5.400000  0.010554
-5.360000  0.010707
-5.320000  0.010863
-5.280000  0.011022
-5.240000  0.011185
-5.200000  0.011352
-5.160000  0.011522
-5.120000  0.011696
-5.080000  0.011874
-5.040000  0.012056
-5.000000  0.012243
-4.960000  0.012433
-4.920000  0.012628
-4.880000  0.012828
-4.840000  0.013032
-4.800000  0.013241
-4.760000  0.013455
-4.720000  0.013674
-4.680000  0.013899
-4.640000  0.014129
-4.600000  0.014364
-4.560000  0.014606
-4.520000  0.014853
-4.480000  0.015107
-4.440000  0.015367
-4.400000  0.015634
-4.360000  0.015908
-4.320000  0.016189
-4.280000  0.016477
-4.240000  0.016773
-4.200000  0.017077
-4.160000  0.017389
-4.120000  0.017709
-4.080000  0.018038
-4.040000  0.018376
-4.000000  0.018724
-3.960000  0.019081
-3.920000  0.019449
-3.880000  0.019827
-3.840000  0.020216
-3.800000  0.020616
-3.760000  0.021028
-3.720000  0.021452
-3.680000  0.021888
-3.640000  0.022338
-3.600000  0.022802
-3.560000  0.023279
-3.520000  0.023771
-3.480000  0.024279
-3.440000  0.024803
-3.400000  0.025343
-3.360000  0.025901
-3.320000  0.026476
-3.280000  0.027071
-3.240000  0.027685
-3.200000  0.028319
-3.160000  0.028975
-3.120000  0.029653
-3.080000  0.030355
-3.040000  0.031080
-3.000000  0.031831
-2.960000  0.032608
-2.920000  0.033413
-2.880000  0.034247
-2.840000  0.035112
-2.800000  0.036008
-2.760000  0.036937
-2.720000  0.037901
-2.680000  0.038902
-2.640000  0.039941
-2.600000  0.041019
-2.560000  0.042140
-2.520000  0.043305
-2.480000  0.044516
-2.440000  0.045776
-2.400000  0.047087
-2.360000  0.048452
-2.320000  0.049873
-2.280000  0.051354
-2.240000  0.052896
-2.200000  0.054505
-2.160000  0.056183
-2.120000  0.057934
-2.080000  0.059761
-2.040000  0.061669
-2.000000  0.063662
-1.960000  0.065745
-1.920000  0.067922
-1.880000  0.070199
-1.840000  0.072581
-1.800000  0.075073
-1.760000  0.077682
-1.720000  0.080414
-1.680000  0.083275
-1.640000  0.086272
-1.600000  0.089413
-1.560000  0.092704
-1.520000  0.096155
-1.480000  0.099771
-1.440000  0.103563
-1.400000  0.107537
-1.360000  0.111703
-1.320000  0.116070
-1.280000  0.120645
-1.240000  0.125437
-1.200000  0.130455
-1.160000  0.135705
-1.120000  0.141195
-1.080000  0.146930
-1.040000  0.152916
-1.000000  0.159155
-0.960000  0.165648
-0.920000  0.172395
-0.880000  0.179390
-0.840000  0.186626
-0.800000  0.194091
-0.760000  0.201768
-0.720000  0.209635
-0.680000  0.217663
-0.640000  0.225816
-0.600000  0.234051
-0.560000  0.242319
-0.520000  0.250559
-0.480000  0.258704
-0.440000  0.266681
-0.400000  0.274405
-0.360000  0.281790
-0.320000  0.288743
-0.280000  0.295169
-0.240000  0.300974
-0.200000  0.306067
-0.160000  0.310365
-0.120000  0.313791
-0.080000  0.316286
-0.040000  0.317801
0.000000  0.318310
0.040000  0.317801
0.080000  0.316286
0.120000  0.313791
0.160000  0.310365
0.200000  0.306067
0.240000  0.300974
0.280000  0.295169
0.320000  0.288743
0.360000  0.281790
0.400000  0.274405
0.440000  0.266681
0.480000  0.258704
0.520000  0.250559
0.560000  0.242319
0.600000  0.234051
0.640000  0.225816
0.680000  0.217663
0.720000  0.209635
0.760000  0.201768
0.800000  0.194091
0.840000  0.186626
0.880000  0.179390
0.920000  0.172395
0.960000  0.165648
1.000000  0.159155
1.040000  0.152916
1.080000  0.146930
1.120000  0.141195
1.160000  0.135705
1.200000  0.130455
1.240000  0.125437
1.280000  0.120645
1.320000  0.116070
1.360000  0.111703
1.400000  0.107537
1.440000  0.103563
1.480000  0.099771
1.520000  0.096155
1.560000  0.092704
1.600000  0.089413
1.640000  0.086272
1.680000  0.083275
1.720000  0.080414
1.760000  0.077682
1.800000  0.075073
1.840000  0.072581
1.880000  0.070199
1.920000  0.067922
1.960000  0.065745
2.000000  0.063662
2.040000  0.061669
2.080000  0.059761
2.120000  0.057934
2.160000  0.056183
2.200000  0.054505
2.240000  0.052896
2.280000  0.051354
2.320000  0.049873
2.360000  0.048452
2.400000  0.047087
2.440000  0.045776
2.480000  0.044516
2.520000  0.043305
2.560000  0.042140
2.600000  0.041019
2.640000  0.039941
2.680000  0.038902
2.720000  0.037901
2.760000  0.036937
2.800000  0.036008
2.840000  0.035112
2.880000  0.034247
2.920000  0.033413
2.960000  0.032608
3.000000  0.031831
3.040000  0.031080
3.080000  0.030355
3.120000  0.029653
3.160000  0.028975
3.200000  0.028319
3.240000  0.027685
3.280000  0.027071
3.320000  0.026476
3.360000  0.025901
3.400000  0.025343
3.440000  0.024803
3.480000  0.024279
3.520000  0.023771
3.560000  0.023279
3.600000  0.022802
3.640000  0.022338
3.680000  0.021888
3.720000  0.021452
3.760000  0.021028
3.800000  0.020616
3.840000  0.020216
3.880000  0.019827
3.920000  0.019449
3.960000  0.019081
4.000000  0.018724
4.040000  0.018376
4.080000  0.018038
4.120000  0.017709
4.160000  0.017389
4.200000  0.017077
4.240000  0.016773
4.280000  0.016477
4.320000  0.016189
4.360000  0.015908
4.400000  0.015634
4.440000  0.015367
4.480000  0.015107
4.520000  0.014853
4.560000  0.014606
4.600000  0.014364
4.640000  0.014129
4.680000  0.013899
4.720000  0.013674
4.760000  0.013455
4.800000  0.013241
4.840000  0.013032
4.880000  0.012828
4.920000  0.012628
4.960000  0.012433
5.000000  0.012243
5.040000  0.012056
5.080000  0.011874
5.120000  0.011696
5.160000  0.011522
5.200000  0.011352
5.240000  0.011185
5.280000  0.011022
5.320000  0.010863
5.360000  0.010707
5.400000  0.010554
5.440000  0.010404
5.480000  0.010258
5.520000  0.010115
5.560000  0.009974
5.600000  0.009837
5.640000  0.009702
5.680000  0.009570
5.720000  0.009440
5.760000  0.009313
5.800000  0.009189
5.840000  0.009067
5.880000  0.008948
5.920000  0.008831
5.960000  0.008716
6.000000  0.008603
